183
4
1001
71
190
146
95
695
113
387
322
253
42
183
66
89
360
315
278
449
348
127
37
17
20
244
76
255
326
288
137
287
561
579
34
151
73
226
289
150
81
79
268
242
164
895
556
187
196
390
625
201
442
62
42
547
286
176
256
382
105
118
335
694
1001
32
183
192
221
171
174
127
302
66
553
120
45
161
291
36
54
645
281
567
133
140
43
529
4
58
229
283
153
407
154
145
57
200
182
181
239
195
167
199
221
188
177
168
349
338
667
220
524
177
478
18
411
330
166
109
472
143
385
331
254
208
192
126
147
607
501
202
46
129
324
29
407
192
181
626
484
506
208
647
458
60
325
464
202
250
112
102
844
232
542
223
43
261
578
126
145
311
47
519
388
324
165
607
39
443
220
121
216
668
511
222
304
59
76
348
318
535
152
1001
180
180
184
566
376
88
165
7
340
167
147
57
172
51
103
63
131
398
86
572
62
233
250
107
44
432
27
278
455
771
43
130
421
100
547
281
348
165
246
88
175
53
69
200
189
727
295
71
116
101
75
122
161
164
238
173
32
186
17
92
516
240
409
243
876
21
592
507
37
146
632
829
770
15
386
181
585
224
428
138
637
386
27
495
98
322
44
552
72
92
111
122
496
326
309
750
258
32
301
324
465
446
33
108
295
55
331
392
579
314
282
461
133
440
70
870
77
64
10
324
545
160
327
68
44
327
198
289
910
586
380
75
68
93
161
98
120
266
208
681
297
222
704
23
205
279
579
424
134
119
292
409
599
144
37
354
1001
233
277
205
359
410
340
373
125
119
450
499
457
362
188
512
768
66
103
261
83
417
368
247
539
431
315
358
167
137
405
138
126
290
173
33
63
43
309
84
502
725
153
214
28
146
389
29
121
255
146
119
389
225
794
75
407
324
191
133
150
283
135
16
63
100
1001
107
175
202
363
363
362
43
59
19
116
437
150
100
594
360
359
698
368
837
429
78
259
250
4
35
80
23
275
967
310
79
101
29
260
541
1001
137
634
540
35
730
109
114
3
33
3
139
1001
501
457
79
166
609
131
114
23
646
26
333
228
3
124
492
122
73
96
212
95
449
424
89
33
851
145
33
119
116
26
363
631
385
788
131
283
141
577
272
183
195
347
135
272
146
76
